0.358986227754
0.0883277155828
0.0980956719796
0.14054839299
0.231513110548
0.1376495204
0.355862153981
0.118461649889
0.161034746889
0.158488923701
0.124110683699
0.190093995357
0.110896713039
0.0627710051328
0.163953720739
0.14350372616
0.264637981755
0.073364152521
0.299068223062
0.128333187612
0.120416752608
0.160819538692
0.151722844902
0.172182932563
0.241834727764
0.271136258768
0.227392465379
0.114671007544
0.186336857215
0.21088523762
0.330219209026
0.0684346753071
0.323883807264
0.108918404064
0.0744431604612
0.136576127672
0.0797016642525
0.14520249565
0.211668332349
0.160011501493
0.148360006304
0.198373345073
0.230023174175
0.193599560881
0.145245985447
0.265558642787
0.40405279654
0.165817064559
0.0757436128958
0.0957853722219
0.143061387693
0.130187096765
0.19085732375
0.221553062242
0.164378081156
0.1068544883
0.236734775726
0.161230565391
0.19674878715
0.130402299075
0.153820989397
0.203655584812
0.110643582272
0.153578166157
0.192322383537
0.21192846803
0.182850403689
0.203595893659
0.31687156504
0.252690517037
0.178487570242
0.200675768278
0.203635114468
0.328098544754
0.15177864193
0.209125748724
0.120999884757
0.153911266877
0.132128409557
0.185523030785
0.164250115092
0.112226701184
0.0967354573485
0.135074418131
0.281886600217
0.149852912703
0.11479056534
0.168818218427
0.104500939449
0.173067619434
0.129678629389
0.149889671489
0.172730181721
0.0952323632585
0.111532354835
0.102153621418
0.127728834062
0.110700002001
0.190587125192
0.0946144672171
0.171430992634