0.45099569338
0.624175823245
0.521466697788
0.496824709344
0.66624614756
0.766582054671
0.49116984913
0.558834254031
0.684936696764
0.565023506253
0.944412690538
0.68935642032
0.451961245969
0.614815788576
0.443128828508
0.514648270165
0.995423841709
0.637246524084
0.648329015639
0.583080009993
1.24447533296
0.612016276259
0.470072388112
0.999774252962
0.798465764576
0.595157819224
0.683021802052
0.860714172702
0.628621426867
1.06608460747
0.504411341146
0.699634660768
0.561675324878
0.860254352153
0.528484225817
0.478490367486
1.08241611251
0.566885205806
0.515227003257
0.651683762267
0.736031096812
0.89872801186
0.502477175767
0.715614679119
0.539079693087
0.751413095675
0.756998526323
0.625615562482
0.563302897056
0.517953067866
0.545198871576
0.56889258513
0.478827004625
0.640705567056
0.5148475231
0.477987987814
0.561128212549
0.509154649335
0.720068679531
0.731355750894
0.783636359119
0.468175219026
0.673635642042
0.770507083733
0.475845238957
0.429077219472
1.00000209575
0.715648226217
0.500301654752
0.595743436228
0.637591555576
0.54995729864
0.77078481821
0.870687719618
0.52753708035
0.521711157743
0.660185915858
0.533907045505
0.604925057365
0.708102942058
0.801134534475
0.671254423631
0.610859536234
0.785712708585
0.608220240043
0.520644296295
0.413159515709
0.600321868048
0.512819660972
0.589060913555
0.532204333789
0.541296669315
0.454276423792
0.49697474984
0.609093541739
0.524113261518
0.884605914511
0.464075885031
0.541580121153
0.509740278546
0.635807165476